1 
1 1 
2 1 2 
3 2 2 3 
5 3 4 3 5 
8 5 6 6 5 8 
13 8 10 9 10 8 13 
21 13 16 15 15 16 13 21 
34 21 26 24 25 24 26 21 34 
55 34 42 39 40 40 39 42 34 55 
89 55 68 63 65 64 65 63 68 55 89 
144 89 110 102 105 104 104 105 102 110 89 144 
233 144 178 165 170 168 169 168 170 165 178 144 233 
377 233 288 267 275 272 273 273 272 275 267 288 233 377 
610 377 466 432 445 440 442 441 442 440 445 432 466 377 610 
987 610 754 699 720 712 715 714 714 715 712 720 699 754 610 987 
1597 987 1220 1131 1165 1152 1157 1155 1156 1155 1157 1152 1165 1131 1220 987 1597 
2584 1597 1974 1830 1885 1864 1872 1869 1870 1870 1869 1872 1864 1885 1830 1974 1597 2584 
1 
1 1 
2 1 2 
3 2 2 3 
5 3 4 3 5 
8 5 6 6 5 8 
13 8 10 9 10 8 13 
21 13 16 15 15 16 13 21 
34 21 26 24 25 24 26 21 34 
55 34 42 39 40 40 39 42 34 55 
89 55 68 63 65 64 65 63 68 55 89 
144 89 110 102 105 104 104 105 102 110 89 144 
233 144 178 165 170 168 169 168 170 165 178 144 233 
377 233 288 267 275 272 273 273 272 275 267 288 233 377 
610 377 466 432 445 440 442 441 442 440 445 432 466 377 610 
987 610 754 699 720 712 715 714 714 715 712 720 699 754 610 987 
1597 987 1220 1131 1165 1152 1157 1155 1156 1155 1157 1152 1165 1131 1220 987 1597 
